[LEFT_CAM_2K]
fx = 1399.48
fy = 1399.48
cx = 1095.74
cy = 582.462
k1 = -0.171205
k2 = 0.0244681
p1 = 0
p2 = 0


[RIGHT_CAM_2K]
fx = 1400.73
fy = 1400.73
cx = 1083.7
cy = 573.105
k1 = -0.169078
k2 = 0.022333
p1 = 0
p2 = 0


[LEFT_CAM_FHD]
fx = 1399.48
fy = 1399.48
cx = 951.736
cy = 501.462
k1 = -0.171205
k2 = 0.0244681
p1 = 0
p2 = 0


[RIGHT_CAM_FHD]
fx = 1400.73
fy = 1400.73
cx = 939.697
cy = 492.105
k1 = -0.169078
k2 = 0.022333
p1 = 0
p2 = 0


[LEFT_CAM_HD]
fx = 699.739
fy = 699.739
cx = 634.368
cy = 339.231
k1 = -0.171205
k2 = 0.0244681
p1 = 0
p2 = 0


[RIGHT_CAM_HD]
fx = 700.365
fy = 700.365
cx = 628.349
cy = 334.552
k1 = -0.169078
k2 = 0.022333
p1 = 0
p2 = 0


[LEFT_CAM_VGA]
fx = 349.87
fy = 349.87
cx = 332.684
cy = 177.115
k1 = -0.171205
k2 = 0.0244681
p1 = 0
p2 = 0


[RIGHT_CAM_VGA]
fx = 350.183
fy = 350.183
cx = 329.674
cy = 174.776
k1 = -0.169078
k2 = 0.022333
p1 = 0
p2 = 0


[STEREO]
# ROTATION MATRIX represented in the Rodrigues notation(RX,CV,RZ)
Baseline = 120
CV_2K = 0.00918222
CV_FHD = 0.00918222
CV_HD = 0.00918222
CV_VGA = 0.00918222
RX_2K = -0.00153492
RX_FHD = -0.00153492
RX_HD = -0.00153492
RX_VGA = -0.00153492
RZ_2K = -0.000304831
RZ_FHD = -0.000304831
RZ_HD = -0.000304831
RZ_VGA = -0.000304831
